These data are made available to the scientific community and public with the understanding that authors of publications 
and presentations will contact the PI to obtain up-to-date information on the latest version of the data during the early stages of their analysis. 
Manuscripts that employ these data should be reviewed by the PI before submission to ensure the quality and limitations of the data are represented.  

Data Disclaimer: Data has undergone extensive quality checks and is available from NOAA-GMD and WDCGG. 
However, there still exists the potential for these data to be modified at the discretion of NOAA/ESRL Global Monitoring Division. 

If you have questions regarding the data in this file, please contact:
Irina Petropavlovskikh: Irina.Petro@noaa.gov (303-497-6279)
Audra McClure-Begley: Audra.mcclure@noaa.gov
Peter Effertz: Peter.Effertz@noaa.gov (303-497-6823)

Please use the following citation for data use: 
McClure-Begley, A., Petropavlovskikh, I., Oltmans, S., (2014) NOAA Global Monitoring Surface Ozone Network.
 Station name, Time start-Time end. National Oceanic and Atmospheric Administration, Earth Systems Research Laboratory Global Monitoring Division. 
 Boulder, CO. DATE ACCESSED http://dx.doi.org/10.7289/V57P8WBF

STN YEAR MON DAY HR O3(PPB)
BRW 2021 04 01 00 29.94
BRW 2021 04 01 01 31.73
BRW 2021 04 01 02 31.29
BRW 2021 04 01 03 30.42
BRW 2021 04 01 04 30.11
BRW 2021 04 01 05 29.8
BRW 2021 04 01 06 30.18
BRW 2021 04 01 07 29.22
BRW 2021 04 01 08 29.83
BRW 2021 04 01 09 29.6
BRW 2021 04 01 10 29.52
BRW 2021 04 01 11 30.1
BRW 2021 04 01 12 29.32
BRW 2021 04 01 13 29.98
BRW 2021 04 01 14 29.74
BRW 2021 04 01 15 29.44
BRW 2021 04 01 16 30.75
BRW 2021 04 01 17 30.39
BRW 2021 04 01 18 30.62
BRW 2021 04 01 19 30.87
BRW 2021 04 01 20 29.9
BRW 2021 04 01 21 29.79
BRW 2021 04 01 22 31.54
BRW 2021 04 01 23 31.02
BRW 2021 04 02 00 30.43
BRW 2021 04 02 01 30.1
BRW 2021 04 02 02 28.15
BRW 2021 04 02 03 28.76
BRW 2021 04 02 04 26.87
BRW 2021 04 02 05 26.36
BRW 2021 04 02 06 26.14
BRW 2021 04 02 07 26.81
BRW 2021 04 02 08 26.25
BRW 2021 04 02 09 30.86
BRW 2021 04 02 10 27.14
BRW 2021 04 02 11 28.35
BRW 2021 04 02 12 24.49
BRW 2021 04 02 13 25.69
BRW 2021 04 02 14 24.17
BRW 2021 04 02 15 22.87
BRW 2021 04 02 16 23.5
BRW 2021 04 02 17 24.44
BRW 2021 04 02 18 23.03
BRW 2021 04 02 19 23.81
BRW 2021 04 02 20 23.21
BRW 2021 04 02 21 23.8
BRW 2021 04 02 22 23.66
BRW 2021 04 02 23 22.24
BRW 2021 04 03 00 21.71
BRW 2021 04 03 01 20.48
BRW 2021 04 03 02 18.07
BRW 2021 04 03 03 18.67
BRW 2021 04 03 04 17.94
BRW 2021 04 03 05 18.11
BRW 2021 04 03 06 19.65
BRW 2021 04 03 07 19.29
BRW 2021 04 03 08 14.13
BRW 2021 04 03 09 13.92
BRW 2021 04 03 10 11.23
BRW 2021 04 03 11 10.46
BRW 2021 04 03 12 9.07
BRW 2021 04 03 13 11.01
BRW 2021 04 03 14 8.96
BRW 2021 04 03 15 10.99
BRW 2021 04 03 16 9.38
BRW 2021 04 03 17 7.58
BRW 2021 04 03 18 10.26
BRW 2021 04 03 19 11.24
BRW 2021 04 03 20 11.51
BRW 2021 04 03 21 8.06
BRW 2021 04 03 22 5.64
BRW 2021 04 03 23 6.15
BRW 2021 04 04 00 5.05
BRW 2021 04 04 01 5.42
BRW 2021 04 04 02 7.75
BRW 2021 04 04 03 10.83
BRW 2021 04 04 04 12.36
BRW 2021 04 04 05 12.94
BRW 2021 04 04 06 16.21
BRW 2021 04 04 07 18.19
BRW 2021 04 04 08 20.69
BRW 2021 04 04 09 23.28
BRW 2021 04 04 10 25.97
BRW 2021 04 04 11 24.82
BRW 2021 04 04 12 25.48
BRW 2021 04 04 13 26.39
BRW 2021 04 04 14 29.01
BRW 2021 04 04 15 31.08
BRW 2021 04 04 16 30.33
BRW 2021 04 04 17 32.67
BRW 2021 04 04 18 33.18
BRW 2021 04 04 19 30.09
BRW 2021 04 04 20 30.55
BRW 2021 04 04 21 33.69
BRW 2021 04 04 22 32.22
BRW 2021 04 04 23 32.0
BRW 2021 04 05 00 31.84
BRW 2021 04 05 01 30.0
BRW 2021 04 05 02 28.68
BRW 2021 04 05 03 29.27
BRW 2021 04 05 04 26.88
BRW 2021 04 05 05 27.42
BRW 2021 04 05 06 24.17
BRW 2021 04 05 07 25.87
BRW 2021 04 05 08 26.85
BRW 2021 04 05 09 23.66
BRW 2021 04 05 10 21.64
BRW 2021 04 05 11 21.83
BRW 2021 04 05 12 25.02
BRW 2021 04 05 13 28.16
BRW 2021 04 05 14 27.54
BRW 2021 04 05 15 28.81
BRW 2021 04 05 16 28.89
BRW 2021 04 05 17 28.39
BRW 2021 04 05 18 27.99
BRW 2021 04 05 19 25.3
BRW 2021 04 05 20 28.2
BRW 2021 04 05 21 26.45
BRW 2021 04 05 22 22.92
BRW 2021 04 05 23 23.12
BRW 2021 04 06 00 22.16
BRW 2021 04 06 01 24.99
BRW 2021 04 06 02 22.03
BRW 2021 04 06 03 22.06
BRW 2021 04 06 04 21.97
BRW 2021 04 06 05 23.66
BRW 2021 04 06 06 24.56
BRW 2021 04 06 07 22.45
BRW 2021 04 06 08 23.51
BRW 2021 04 06 09 23.27
BRW 2021 04 06 10 20.82
BRW 2021 04 06 11 21.55
BRW 2021 04 06 12 22.95
BRW 2021 04 06 13 21.75
BRW 2021 04 06 14 19.94
BRW 2021 04 06 15 17.48
BRW 2021 04 06 16 18.25
BRW 2021 04 06 17 19.26
BRW 2021 04 06 18 19.51
BRW 2021 04 06 19 17.59
BRW 2021 04 06 20 15.41
BRW 2021 04 06 21 14.39
BRW 2021 04 06 22 19.63
BRW 2021 04 06 23 19.31
BRW 2021 04 07 00 26.13
BRW 2021 04 07 01 26.05
BRW 2021 04 07 02 25.72
BRW 2021 04 07 03 26.59
BRW 2021 04 07 04 27.4
BRW 2021 04 07 05 24.44
BRW 2021 04 07 06 14.55
BRW 2021 04 07 07 10.83
BRW 2021 04 07 08 7.21
BRW 2021 04 07 09 4.38
BRW 2021 04 07 10 3.74
BRW 2021 04 07 11 3.47
BRW 2021 04 07 12 4.81
BRW 2021 04 07 13 4.19
BRW 2021 04 07 14 2.46
BRW 2021 04 07 15 1.52
BRW 2021 04 07 16 1.35
BRW 2021 04 07 17 0.73
BRW 2021 04 07 18 0.74
BRW 2021 04 07 19 0.77
BRW 2021 04 07 20 0.53
BRW 2021 04 07 21 0.96
BRW 2021 04 07 22 0.72
BRW 2021 04 07 23 0.74
BRW 2021 04 08 00 0.93
BRW 2021 04 08 01 0.76
BRW 2021 04 08 02 0.75
BRW 2021 04 08 03 0.61
BRW 2021 04 08 04 0.7
BRW 2021 04 08 05 0.61
BRW 2021 04 08 06 0.6
BRW 2021 04 08 07 0.54
BRW 2021 04 08 08 0.57
BRW 2021 04 08 09 0.59
BRW 2021 04 08 10 0.69
BRW 2021 04 08 11 0.61
BRW 2021 04 08 12 0.71
BRW 2021 04 08 13 0.62
BRW 2021 04 08 14 0.61
BRW 2021 04 08 15 0.73
BRW 2021 04 08 16 0.68
BRW 2021 04 08 17 1.12
BRW 2021 04 08 18 1.08
BRW 2021 04 08 19 1.15
BRW 2021 04 08 20 1.15
BRW 2021 04 08 21 1.22
BRW 2021 04 08 22 1.14
BRW 2021 04 08 23 1.42
BRW 2021 04 09 00 1.34
BRW 2021 04 09 01 1.19
BRW 2021 04 09 02 1.37
BRW 2021 04 09 03 1.78
BRW 2021 04 09 04 1.72
BRW 2021 04 09 05 2.77
BRW 2021 04 09 06 3.32
BRW 2021 04 09 07 2.67
BRW 2021 04 09 08 2.36
BRW 2021 04 09 09 1.5
BRW 2021 04 09 10 1.32
BRW 2021 04 09 11 1.09
BRW 2021 04 09 12 1.09
BRW 2021 04 09 13 1.24
BRW 2021 04 09 14 1.53
BRW 2021 04 09 15 1.68
BRW 2021 04 09 16 1.8
BRW 2021 04 09 17 1.67
BRW 2021 04 09 18 1.72
BRW 2021 04 09 19 1.83
BRW 2021 04 09 20 1.96
BRW 2021 04 09 21 2.4
BRW 2021 04 09 22 3.06
BRW 2021 04 09 23 2.95
BRW 2021 04 10 00 3.05
BRW 2021 04 10 01 3.43
BRW 2021 04 10 02 4.95
BRW 2021 04 10 03 5.17
BRW 2021 04 10 04 7.34
BRW 2021 04 10 05 7.55
BRW 2021 04 10 06 7.02
BRW 2021 04 10 07 7.0
BRW 2021 04 10 08 5.37
BRW 2021 04 10 09 6.95
BRW 2021 04 10 10 8.54
BRW 2021 04 10 11 7.04
BRW 2021 04 10 12 8.25
BRW 2021 04 10 13 8.83
BRW 2021 04 10 14 8.49
BRW 2021 04 10 15 7.38
BRW 2021 04 10 16 6.57
BRW 2021 04 10 17 7.52
BRW 2021 04 10 18 7.68
BRW 2021 04 10 19 9.83
BRW 2021 04 10 20 10.59
BRW 2021 04 10 21 12.45
BRW 2021 04 10 22 12.84
BRW 2021 04 10 23 14.96
BRW 2021 04 11 00 17.84
BRW 2021 04 11 01 19.11
BRW 2021 04 11 02 19.96
BRW 2021 04 11 03 19.31
BRW 2021 04 11 04 17.18
BRW 2021 04 11 05 16.09
BRW 2021 04 11 06 13.56
BRW 2021 04 11 07 10.11
BRW 2021 04 11 08 8.97
BRW 2021 04 11 09 9.85
BRW 2021 04 11 10 8.81
BRW 2021 04 11 11 7.91
BRW 2021 04 11 12 8.66
BRW 2021 04 11 13 9.53
BRW 2021 04 11 14 10.14
BRW 2021 04 11 15 8.92
BRW 2021 04 11 16 10.88
BRW 2021 04 11 17 9.47
BRW 2021 04 11 18 9.32
BRW 2021 04 11 19 11.02
BRW 2021 04 11 20 9.71
BRW 2021 04 11 21 9.43
BRW 2021 04 11 22 9.81
BRW 2021 04 11 23 11.31
BRW 2021 04 12 00 12.27
BRW 2021 04 12 01 12.82
BRW 2021 04 12 02 12.77
BRW 2021 04 12 03 11.16
BRW 2021 04 12 04 8.82
BRW 2021 04 12 05 7.99
BRW 2021 04 12 06 7.37
BRW 2021 04 12 07 6.57
BRW 2021 04 12 08 5.94
BRW 2021 04 12 09 5.7
BRW 2021 04 12 10 5.25
BRW 2021 04 12 11 4.81
BRW 2021 04 12 12 4.26
BRW 2021 04 12 13 5.03
BRW 2021 04 12 14 7.68
BRW 2021 04 12 15 10.69
BRW 2021 04 12 16 12.6
BRW 2021 04 12 17 16.85
BRW 2021 04 12 18 19.73
BRW 2021 04 12 19 22.71
BRW 2021 04 12 20 29.49
BRW 2021 04 12 21 30.58
BRW 2021 04 12 22 29.17
BRW 2021 04 12 23 28.98
BRW 2021 04 13 00 28.14
BRW 2021 04 13 01 26.37
BRW 2021 04 13 02 24.93
BRW 2021 04 13 03 23.49
BRW 2021 04 13 04 23.03
BRW 2021 04 13 05 21.73
BRW 2021 04 13 06 21.46
BRW 2021 04 13 07 21.23
BRW 2021 04 13 08 19.95
BRW 2021 04 13 09 19.13
BRW 2021 04 13 10 19.19
BRW 2021 04 13 11 18.47
BRW 2021 04 13 12 18.23
BRW 2021 04 13 13 17.87
BRW 2021 04 13 14 18.34
BRW 2021 04 13 15 17.31
BRW 2021 04 13 16 16.63
BRW 2021 04 13 17 15.98
BRW 2021 04 13 18 15.8
BRW 2021 04 13 19 15.34
BRW 2021 04 13 20 15.51
BRW 2021 04 13 21 15.52
BRW 2021 04 13 22 15.61
BRW 2021 04 13 23 16.1
BRW 2021 04 14 00 16.36
BRW 2021 04 14 01 16.75
BRW 2021 04 14 02 16.78
BRW 2021 04 14 03 17.91
BRW 2021 04 14 04 17.95
BRW 2021 04 14 05 18.81
BRW 2021 04 14 06 18.96
BRW 2021 04 14 07 19.29
BRW 2021 04 14 08 22.38
BRW 2021 04 14 09 23.45
BRW 2021 04 14 10 22.31
BRW 2021 04 14 11 20.22
BRW 2021 04 14 12 19.14
BRW 2021 04 14 13 18.28
BRW 2021 04 14 14 17.75
BRW 2021 04 14 15 16.4
BRW 2021 04 14 16 16.89
BRW 2021 04 14 17 17.08
BRW 2021 04 14 18 18.59
BRW 2021 04 14 19 19.07
BRW 2021 04 14 20 19.76
BRW 2021 04 14 21 21.81
BRW 2021 04 14 22 21.5
BRW 2021 04 14 23 20.8
BRW 2021 04 15 00 20.62
BRW 2021 04 15 01 20.46
BRW 2021 04 15 02 18.95
BRW 2021 04 15 03 19.23
BRW 2021 04 15 04 21.12
BRW 2021 04 15 05 20.64
BRW 2021 04 15 06 20.07
BRW 2021 04 15 07 19.06
BRW 2021 04 15 08 17.56
BRW 2021 04 15 09 16.72
BRW 2021 04 15 10 16.13
BRW 2021 04 15 11 15.32
BRW 2021 04 15 12 15.39
BRW 2021 04 15 13 14.64
BRW 2021 04 15 14 14.77
BRW 2021 04 15 15 15.03
BRW 2021 04 15 16 14.86
BRW 2021 04 15 17 15.47
BRW 2021 04 15 18 14.92
BRW 2021 04 15 19 15.45
BRW 2021 04 15 20 16.21
BRW 2021 04 15 21 16.69
BRW 2021 04 15 22 15.87
BRW 2021 04 15 23 16.0
BRW 2021 04 16 00 16.16
BRW 2021 04 16 01 16.59
BRW 2021 04 16 02 16.6
BRW 2021 04 16 03 16.17
BRW 2021 04 16 04 15.22
BRW 2021 04 16 05 14.81
BRW 2021 04 16 06 15.29
BRW 2021 04 16 07 15.38
BRW 2021 04 16 08 15.94
BRW 2021 04 16 09 15.37
BRW 2021 04 16 10 14.09
BRW 2021 04 16 11 13.34
BRW 2021 04 16 12 14.64
BRW 2021 04 16 13 16.9
BRW 2021 04 16 14 17.56
BRW 2021 04 16 15 17.15
BRW 2021 04 16 16 17.49
BRW 2021 04 16 17 18.17
BRW 2021 04 16 18 19.16
BRW 2021 04 16 19 20.65
BRW 2021 04 16 20 24.74
BRW 2021 04 16 21 28.37
BRW 2021 04 16 22 32.12
BRW 2021 04 16 23 34.04
BRW 2021 04 17 00 33.0
BRW 2021 04 17 01 33.25
BRW 2021 04 17 02 32.71
BRW 2021 04 17 03 33.2
BRW 2021 04 17 04 32.54
BRW 2021 04 17 05 31.59
BRW 2021 04 17 06 31.84
BRW 2021 04 17 07 31.75
BRW 2021 04 17 08 32.6
BRW 2021 04 17 09 31.83
BRW 2021 04 17 10 34.06
BRW 2021 04 17 11 38.22
BRW 2021 04 17 12 40.68
BRW 2021 04 17 13 39.09
BRW 2021 04 17 14 38.55
BRW 2021 04 17 15 39.5
BRW 2021 04 17 16 38.07
BRW 2021 04 17 17 37.33
BRW 2021 04 17 18 38.88
BRW 2021 04 17 19 41.73
BRW 2021 04 17 20 40.21
BRW 2021 04 17 21 40.51
BRW 2021 04 17 22 40.47
BRW 2021 04 17 23 40.6
BRW 2021 04 18 00 42.11
BRW 2021 04 18 01 43.41
BRW 2021 04 18 02 42.08
BRW 2021 04 18 03 43.44
BRW 2021 04 18 04 41.99
BRW 2021 04 18 05 41.95
BRW 2021 04 18 06 40.59
BRW 2021 04 18 07 39.31
BRW 2021 04 18 08 37.68
BRW 2021 04 18 09 40.05
BRW 2021 04 18 10 38.55
BRW 2021 04 18 11 36.48
BRW 2021 04 18 12 38.66
BRW 2021 04 18 13 38.52
BRW 2021 04 18 14 35.99
BRW 2021 04 18 15 37.0
BRW 2021 04 18 16 36.57
BRW 2021 04 18 17 36.97
BRW 2021 04 18 18 37.51
BRW 2021 04 18 19 37.04
BRW 2021 04 18 20 37.65
BRW 2021 04 18 21 37.98
BRW 2021 04 18 22 37.79
BRW 2021 04 18 23 40.02
BRW 2021 04 19 00 39.68
BRW 2021 04 19 01 39.2
BRW 2021 04 19 02 37.37
BRW 2021 04 19 03 37.88
BRW 2021 04 19 04 36.71
BRW 2021 04 19 05 36.59
BRW 2021 04 19 06 36.47
BRW 2021 04 19 07 37.11
BRW 2021 04 19 08 36.61
BRW 2021 04 19 09 36.87
BRW 2021 04 19 10 35.59
BRW 2021 04 19 11 35.66
BRW 2021 04 19 12 34.28
BRW 2021 04 19 13 34.87
BRW 2021 04 19 14 34.61
BRW 2021 04 19 15 34.76
BRW 2021 04 19 16 34.28
BRW 2021 04 19 17 34.65
BRW 2021 04 19 18 35.32
BRW 2021 04 19 19 38.05
BRW 2021 04 19 20 37.67
BRW 2021 04 19 21 38.01
BRW 2021 04 19 22 37.52
BRW 2021 04 19 23 38.48
BRW 2021 04 20 00 37.71
BRW 2021 04 20 01 33.96
BRW 2021 04 20 02 30.99
BRW 2021 04 20 03 30.19
BRW 2021 04 20 04 19.88
BRW 2021 04 20 05 17.68
BRW 2021 04 20 06 17.24
BRW 2021 04 20 07 17.47
BRW 2021 04 20 08 17.17
BRW 2021 04 20 09 15.76
BRW 2021 04 20 10 16.18
BRW 2021 04 20 11 15.85
BRW 2021 04 20 12 13.98
BRW 2021 04 20 13 12.11
BRW 2021 04 20 14 11.1
BRW 2021 04 20 15 10.62
BRW 2021 04 20 16 9.04
BRW 2021 04 20 17 7.84
BRW 2021 04 20 18 8.36
BRW 2021 04 20 19 9.29
BRW 2021 04 20 20 12.28
BRW 2021 04 20 21 15.5
BRW 2021 04 20 22 20.27
BRW 2021 04 20 23 23.33
BRW 2021 04 21 00 25.74
BRW 2021 04 21 01 28.99
BRW 2021 04 21 02 29.65
BRW 2021 04 21 03 29.93
BRW 2021 04 21 04 29.64
BRW 2021 04 21 05 30.03
BRW 2021 04 21 06 28.89
BRW 2021 04 21 07 29.63
BRW 2021 04 21 08 31.14
BRW 2021 04 21 09 32.77
BRW 2021 04 21 10 34.98
BRW 2021 04 21 11 35.15
BRW 2021 04 21 12 35.59
BRW 2021 04 21 13 35.71
BRW 2021 04 21 14 35.46
BRW 2021 04 21 15 33.63
BRW 2021 04 21 16 35.37
BRW 2021 04 21 17 36.55
BRW 2021 04 21 18 36.19
BRW 2021 04 21 19 36.16
BRW 2021 04 21 20 37.26
BRW 2021 04 21 21 36.66
BRW 2021 04 21 22 36.4
BRW 2021 04 21 23 35.91
BRW 2021 04 22 00 35.29
BRW 2021 04 22 01 36.95
BRW 2021 04 22 02 34.95
BRW 2021 04 22 03 35.47
BRW 2021 04 22 04 34.44
BRW 2021 04 22 05 34.61
BRW 2021 04 22 06 34.23
BRW 2021 04 22 07 35.28
BRW 2021 04 22 08 39.34
BRW 2021 04 22 09 38.25
BRW 2021 04 22 10 39.36
BRW 2021 04 22 11 38.8
BRW 2021 04 22 12 40.27
BRW 2021 04 22 13 39.62
BRW 2021 04 22 14 40.33
BRW 2021 04 22 15 39.2
BRW 2021 04 22 16 40.65
BRW 2021 04 22 17 41.32
BRW 2021 04 22 18 40.63
BRW 2021 04 22 19 39.35
BRW 2021 04 22 20 38.89
BRW 2021 04 22 21 38.65
BRW 2021 04 22 22 39.04
BRW 2021 04 22 23 39.0
BRW 2021 04 23 00 39.27
BRW 2021 04 23 01 38.97
BRW 2021 04 23 02 39.81
BRW 2021 04 23 03 39.11
BRW 2021 04 23 04 39.24
BRW 2021 04 23 05 39.58
BRW 2021 04 23 06 37.29
BRW 2021 04 23 07 38.91
BRW 2021 04 23 08 38.75
BRW 2021 04 23 09 39.77
BRW 2021 04 23 10 39.97
BRW 2021 04 23 11 41.04
BRW 2021 04 23 12 39.06
BRW 2021 04 23 13 39.32
BRW 2021 04 23 14 38.24
BRW 2021 04 23 15 37.89
BRW 2021 04 23 16 38.54
BRW 2021 04 23 17 37.58
BRW 2021 04 23 18 36.99
BRW 2021 04 23 19 36.02
BRW 2021 04 23 20 36.91
BRW 2021 04 23 21 36.54
BRW 2021 04 23 22 37.78
BRW 2021 04 23 23 39.97
BRW 2021 04 24 00 38.32
BRW 2021 04 24 01 37.94
BRW 2021 04 24 02 38.94
BRW 2021 04 24 03 39.64
BRW 2021 04 24 04 38.88
BRW 2021 04 24 05 44.46
BRW 2021 04 24 06 41.91
BRW 2021 04 24 07 40.08
BRW 2021 04 24 08 37.93
BRW 2021 04 24 09 36.76
BRW 2021 04 24 10 37.26
BRW 2021 04 24 11 35.04
BRW 2021 04 24 12 36.42
BRW 2021 04 24 13 36.57
BRW 2021 04 24 14 36.91
BRW 2021 04 24 15 37.17
BRW 2021 04 24 16 35.06
BRW 2021 04 24 17 37.44
BRW 2021 04 24 18 37.89
BRW 2021 04 24 19 38.56
BRW 2021 04 24 20 37.96
BRW 2021 04 24 21 37.14
BRW 2021 04 24 22 35.64
BRW 2021 04 24 23 36.78
BRW 2021 04 25 00 38.52
BRW 2021 04 25 01 37.04
BRW 2021 04 25 02 36.58
BRW 2021 04 25 03 35.25
BRW 2021 04 25 04 34.48
BRW 2021 04 25 05 36.63
BRW 2021 04 25 06 35.28
BRW 2021 04 25 07 35.27
BRW 2021 04 25 08 33.91
BRW 2021 04 25 09 29.96
BRW 2021 04 25 10 28.51
BRW 2021 04 25 11 27.83
BRW 2021 04 25 12 28.5
BRW 2021 04 25 13 26.26
BRW 2021 04 25 14 24.4
BRW 2021 04 25 15 22.0
BRW 2021 04 25 16 19.78
BRW 2021 04 25 17 17.4
BRW 2021 04 25 18 15.89
BRW 2021 04 25 19 14.35
BRW 2021 04 25 20 13.27
BRW 2021 04 25 21 14.3
BRW 2021 04 25 22 17.13
BRW 2021 04 25 23 23.78
BRW 2021 04 26 00 31.22
BRW 2021 04 26 01 31.89
BRW 2021 04 26 02 33.55
BRW 2021 04 26 03 34.57
BRW 2021 04 26 04 34.77
BRW 2021 04 26 05 30.49
BRW 2021 04 26 06 28.01
BRW 2021 04 26 07 26.72
BRW 2021 04 26 08 23.63
BRW 2021 04 26 09 20.69
BRW 2021 04 26 10 19.17
BRW 2021 04 26 11 17.12
BRW 2021 04 26 12 14.43
BRW 2021 04 26 13 12.61
BRW 2021 04 26 14 12.28
BRW 2021 04 26 15 13.43
BRW 2021 04 26 16 13.9
BRW 2021 04 26 17 12.8
BRW 2021 04 26 18 14.82
BRW 2021 04 26 19 19.37
BRW 2021 04 26 20 25.06
BRW 2021 04 26 21 25.24
BRW 2021 04 26 22 26.76
BRW 2021 04 26 23 26.4
BRW 2021 04 27 00 26.16
BRW 2021 04 27 01 25.64
BRW 2021 04 27 02 25.39
BRW 2021 04 27 03 25.58
BRW 2021 04 27 04 24.8
BRW 2021 04 27 05 25.52
BRW 2021 04 27 06 27.44
BRW 2021 04 27 07 26.6
BRW 2021 04 27 08 26.63
BRW 2021 04 27 09 26.91
BRW 2021 04 27 10 27.15
BRW 2021 04 27 11 26.48
BRW 2021 04 27 12 27.13
BRW 2021 04 27 13 27.12
BRW 2021 04 27 14 27.79
BRW 2021 04 27 15 28.15
BRW 2021 04 27 16 27.48
BRW 2021 04 27 17 27.01
BRW 2021 04 27 18 26.38
BRW 2021 04 27 19 26.52
BRW 2021 04 27 20 25.53
BRW 2021 04 27 21 25.97
BRW 2021 04 27 22 24.53
BRW 2021 04 27 23 24.06
BRW 2021 04 28 00 24.2
BRW 2021 04 28 01 24.92
BRW 2021 04 28 02 23.75
BRW 2021 04 28 03 24.62
BRW 2021 04 28 04 24.5
BRW 2021 04 28 05 23.46
BRW 2021 04 28 06 23.48
BRW 2021 04 28 07 24.07
BRW 2021 04 28 08 24.23
BRW 2021 04 28 09 24.96
BRW 2021 04 28 10 24.21
BRW 2021 04 28 11 24.59
BRW 2021 04 28 12 25.06
BRW 2021 04 28 13 26.89
BRW 2021 04 28 14 25.98
BRW 2021 04 28 15 27.58
BRW 2021 04 28 16 27.09
BRW 2021 04 28 17 26.76
BRW 2021 04 28 18 26.99
BRW 2021 04 28 19 27.09
BRW 2021 04 28 20 28.42
BRW 2021 04 28 21 26.31
BRW 2021 04 28 22 25.96
BRW 2021 04 28 23 25.89
BRW 2021 04 29 00 24.1
BRW 2021 04 29 01 21.4
BRW 2021 04 29 02 20.04
BRW 2021 04 29 03 22.12
BRW 2021 04 29 04 24.52
BRW 2021 04 29 05 28.69
BRW 2021 04 29 06 28.98
BRW 2021 04 29 07 26.8
BRW 2021 04 29 08 22.89
BRW 2021 04 29 09 20.08
BRW 2021 04 29 10 19.7
BRW 2021 04 29 11 20.46
BRW 2021 04 29 12 20.5
BRW 2021 04 29 13 20.79
BRW 2021 04 29 14 21.39
BRW 2021 04 29 15 21.62
BRW 2021 04 29 16 22.6
BRW 2021 04 29 17 23.6
BRW 2021 04 29 18 23.84
BRW 2021 04 29 19 25.19
BRW 2021 04 29 20 25.23
BRW 2021 04 29 21 25.9
BRW 2021 04 29 22 25.49
BRW 2021 04 29 23 26.12
BRW 2021 04 30 00 25.99
BRW 2021 04 30 01 25.63
BRW 2021 04 30 02 26.62
BRW 2021 04 30 03 27.61
BRW 2021 04 30 04 27.01
BRW 2021 04 30 05 27.19
BRW 2021 04 30 06 27.26
BRW 2021 04 30 07 26.84
BRW 2021 04 30 08 26.63
BRW 2021 04 30 09 26.16
BRW 2021 04 30 10 26.43
BRW 2021 04 30 11 26.42
BRW 2021 04 30 12 26.18
BRW 2021 04 30 13 26.45
BRW 2021 04 30 14 25.82
BRW 2021 04 30 15 25.88
BRW 2021 04 30 16 26.55
BRW 2021 04 30 17 26.77
BRW 2021 04 30 18 24.92
BRW 2021 04 30 19 25.02
BRW 2021 04 30 20 25.23
BRW 2021 04 30 21 26.35
BRW 2021 04 30 22 26.69
BRW 2021 04 30 23 27.61
